Head,0,1,1,1,1,1,1,1,1,0,0,0,0,0
Iron Helmet,3.8,0.956,0.96,0.969,0.958,0.975,0.969,0.977,0.969,12,18,8,8,0.004
Kaiden Helm,4,0.956,0.956,0.966,0.956,0.969,0.966,0.972,0.969,12,22,9,9,0.005
Drake Knight Helm,4,0.96,0.958,0.966,0.96,0.964,0.96,0.969,0.964,11,20,9,9,0.004
Drake Knight Helm (Altered),3.6,0.964,0.962,0.971,0.964,0.968,0.964,0.974,0.968,9,16,7,7,0.003
Scaled Helm,6.8,0.942,0.939,0.95,0.942,0.952,0.95,0.954,0.952,24,35,16,16,0.009
Perfumer Hood,1.7,0.986,0.982,0.979,0.986,0.954,0.958,0.956,0.954,26,8,27,29,0.001
Traveler's Hat,1.7,0.982,0.986,0.982,0.991,0.954,0.954,0.956,0.954,23,9,29,27,0.001
Alberich's Pointed Hat,1.7,0.982,0.982,0.986,0.982,0.954,0.958,0.956,0.954,16,10,29,31,0
Alberich's Pointed Hat (Altered),1,0.991,0.991,0.998,0.991,0.956,0.962,0.96,0.956,12,7,23,24,0
Spellblade's Pointed Hat,1.5,0.987,0.987,0.992,0.987,0.955,0.961,0.959,0.955,15,8,25,27,0
Bull-Goat Helm,11.3,0.925,0.933,0.926,0.933,0.953,0.952,0.947,0.954,31,35,20,23,0.015
Iron Kasa,3.8,0.964,0.958,0.964,0.964,0.96,0.958,0.956,0.96,30,23,24,24,0.002
Guilty Hood,1.4,0.991,0.982,0.986,0.998,0.956,0.96,0.955,0.954,15,9,27,31,0
Black Wolf Mask,5.9,0.948,0.948,0.954,0.945,0.96,0.955,0.964,0.958,16,33,11,11,0.008
Black Knife Hood,3.8,0.962,0.958,0.964,0.958,0.972,0.969,0.979,0.962,11,18,9,9,0.004
Exile Hood,4,0.956,0.954,0.966,0.956,0.972,0.962,0.977,0.966,12,23,9,8,0.004
Banished Knight Helm,7.5,0.932,0.93,0.946,0.937,0.952,0.952,0.954,0.953,26,35,16,18,0.009
Banished Knight Helm (Altered),7.1,0.933,0.932,0.948,0.939,0.953,0.953,0.954,0.954,21,30,13,14,0.008
Briar Helm,5.1,0.954,0.952,0.96,0.956,0.962,0.956,0.969,0.962,15,31,10,10,0.005
Page Hood,1.4,0.982,0.991,0.986,0.991,0.956,0.958,0.955,0.955,15,8,29,29,0
Night's Cavalry Helm,5.5,0.95,0.95,0.954,0.952,0.962,0.955,0.962,0.955,16,24,10,10,0.007
Night's Cavalry Helm (Altered),5.1,0.952,0.952,0.956,0.956,0.964,0.956,0.964,0.956,13,21,9,9,0.005
Blue Silver Mail Hood,3.8,0.958,0.956,0.969,0.962,0.964,0.966,0.975,0.975,10,24,5,5,0.004
Nomadic Merchant's Chapeau,3,0.972,0.975,0.969,0.977,0.966,0.966,0.966,0.969,24,14,31,20,0.001
Malformed Dragon Helm,6.8,0.939,0.937,0.946,0.939,0.954,0.954,0.951,0.954,24,33,16,16,0.008
Tree Sentinel Helm,8.1,0.932,0.932,0.946,0.937,0.954,0.938,0.955,0.95,29,39,18,20,0.009
Royal Knight Helm,6.6,0.942,0.937,0.948,0.939,0.95,0.953,0.956,0.954,22,29,15,15,0.008
Nox Monk Hood,3,0.972,0.972,0.969,0.975,0.96,0.962,0.962,0.969,24,15,18,18,0.001
Nox Monk Hood (Altered),2.7,0.975,0.975,0.972,0.977,0.962,0.964,0.964,0.972,21,12,14,14,0
Nox Swordstress Crown,3.3,0.972,0.972,0.966,0.969,0.956,0.964,0.958,0.962,24,15,22,22,0.002
Night Maiden Twin Crown,3.3,0.975,0.975,0.969,0.966,0.958,0.962,0.96,0.958,26,15,22,22,0.002
Nox Swordstress Crown (Altered),2.7,0.977,0.977,0.972,0.975,0.96,0.969,0.962,0.966,21,11,17,17,0
Great Horned Headband,3.3,0.972,0.972,0.969,0.972,0.969,0.966,0.962,0.966,33,23,27,22,0.001
Shining Horned Headband,3.3,0.975,0.975,0.972,0.964,0.964,0.966,0.964,0.969,33,23,27,20,0.002
Duelist Helm,6.2,0.942,0.939,0.948,0.939,0.96,0.955,0.964,0.958,24,24,11,12,0.008
Sanguine Noble Hood,1.4,0.986,0.991,0.991,0.991,0.954,0.962,0.955,0.954,18,5,29,27,0
Guardian Mask,3.8,0.962,0.964,0.964,0.966,0.958,0.96,0.958,0.958,33,22,26,24,0.002
Cleanrot Helm,6.4,0.948,0.942,0.952,0.937,0.955,0.954,0.96,0.952,27,29,12,14,0.007
Cleanrot Helm (Altered),5.5,0.954,0.95,0.958,0.945,0.96,0.958,0.966,0.954,21,21,9,10,0.004
Fire Monk Hood,4,0.954,0.958,0.962,0.96,0.969,0.955,0.975,0.975,11,20,9,9,0.004
Blackflame Monk Hood,4,0.956,0.954,0.966,0.958,0.972,0.956,0.979,0.972,11,20,5,11,0.005
Fire Prelate Helm,10.6,0.93,0.933,0.939,0.933,0.952,0.928,0.954,0.953,29,27,39,22,0.013
Aristocrat Headband,1.2,0.981,0.981,0.981,0.984,0.96,0.964,0.962,0.96,15,10,25,22,0
Aristocrat Hat,3,0.969,0.972,0.969,0.969,0.962,0.96,0.962,0.969,22,14,18,20,0.001
Old Aristocrat Cowl,2.2,0.975,0.977,0.975,0.975,0.966,0.964,0.966,0.975,18,11,15,16,0.001
Vulgar Militia Helm,3.6,0.966,0.964,0.962,0.969,0.962,0.962,0.96,0.962,31,16,23,23,0.002
Sage Hood,2.2,0.977,0.979,0.979,0.986,0.952,0.955,0.954,0.952,16,10,31,33,0.001
Pumpkin Helm,12.3,0.93,0.933,0.941,0.933,0.954,0.953,0.948,0.955,27,42,44,18,0.009
Elden Lord Crown,3.6,0.962,0.964,0.966,0.96,0.975,0.964,0.979,0.977,11,20,0,5,0.003
Radahn's Redmane Helm,7.5,0.932,0.933,0.946,0.937,0.952,0.95,0.955,0.952,26,42,18,16,0.009
Queen's Crescent Crown,2.2,0.979,0.982,0.982,0.986,0.951,0.955,0.954,0.953,18,11,31,35,0.001
Sanguine Noble Hood,2.2,0.977,0.979,0.979,0.986,0.954,0.956,0.955,0.95,20,10,33,31,0.001
Godskin Apostle Hood,1.7,0.986,0.982,0.972,0.986,0.955,0.96,0.958,0.952,16,10,27,29,0.001
Depraved Perfumer Headscarf,2.1,0.98,0.983,0.98,0.987,0.954,0.955,0.956,0.955,28,10,25,34,0.001
Crucible Axe Helm,6.6,0.937,0.939,0.95,0.939,0.954,0.954,0.96,0.952,22,31,15,15,0.009
Crucible Tree Helm,6.6,0.935,0.937,0.95,0.944,0.954,0.958,0.96,0.948,22,31,15,15,0.009
Lusat's Glintstone Crown,3.6,0.969,0.969,0.977,0.977,0.945,0.954,0.952,0.951,23,11,39,44,0.002
Azur's Glintstone Crown,3.6,0.972,0.975,0.977,0.975,0.942,0.954,0.953,0.95,23,14,44,39,0.002
All-Knowing Helm,4.6,0.954,0.952,0.958,0.958,0.956,0.966,0.964,0.969,12,20,9,9,0.005
Twinned Helm,5.1,0.952,0.948,0.956,0.958,0.96,0.96,0.969,0.964,14,23,9,23,0.005
Ragged Hat,3.3,0.969,0.969,0.966,0.969,0.964,0.962,0.96,0.964,26,16,22,22,0.002
Ragged Hat (Altered),3,0.972,0.972,0.969,0.972,0.966,0.964,0.962,0.966,21,13,18,18,0.002
Prophet Blindfold,1,0.998,0.991,0.991,0.998,0.955,0.958,0.96,0.955,14,5,27,27,0
Astrologer Hood,1.7,0.982,0.986,0.986,0.986,0.954,0.955,0.954,0.955,18,9,31,27,0.001
Lionel's Helm,9.1,0.937,0.93,0.941,0.928,0.952,0.947,0.954,0.952,27,42,18,22,0.012
Hoslow's Helm,5.5,0.948,0.95,0.956,0.952,0.96,0.956,0.962,0.962,18,27,11,11,0.006
Diallos's Mask,4.6,0.952,0.954,0.962,0.956,0.964,0.964,0.975,0.966,15,23,10,10,0.005
Vagabond Knight Helm,4,0.954,0.958,0.964,0.96,0.969,0.964,0.972,0.972,14,23,9,9,0.004
Blue Cloth Cowl,2.7,0.972,0.977,0.972,0.977,0.969,0.966,0.962,0.972,24,15,18,18,0.001
White Mask,3.2,0.973,0.967,0.97,0.973,0.965,0.963,0.961,0.963,23,18,21,22,0.002
Royal Remains Helm,4.6,0.958,0.954,0.96,0.958,0.966,0.964,0.972,0.969,15,24,10,5,0.005
Beast Champion Helm,7.5,0.937,0.932,0.941,0.933,0.954,0.951,0.954,0.952,24,39,18,16,0.009
Champion Headband,2.7,0.977,0.975,0.969,0.972,0.972,0.966,0.964,0.966,22,14,18,16,0.002
Crimson Hood,1.7,0.986,0.986,0.982,0.982,0.954,0.954,0.955,0.954,16,9,27,29,0
Navy Hood,1.7,0.986,0.982,0.979,0.991,0.954,0.953,0.956,0.955,20,10,29,27,0
Maliketh's Helm,5.5,0.952,0.95,0.958,0.952,0.962,0.96,0.966,0.954,15,24,10,22,0.006
Malenia's Winged Helm,4,0.956,0.954,0.966,0.96,0.972,0.966,0.977,0.962,22,18,8,8,0.004
Veteran's Helm,8.1,0.932,0.932,0.939,0.937,0.952,0.95,0.954,0.953,27,39,20,20,0.012
Bloodhound Knight Helm,4.6,0.956,0.95,0.96,0.952,0.966,0.964,0.975,0.964,14,22,10,10,0.004
Festive Hood,1.7,0.986,0.979,0.982,0.982,0.955,0.958,0.956,0.954,18,9,29,29,0
Festive Hood (Altered),1,0.998,0.986,0.991,0.991,0.958,0.962,0.96,0.955,13,4,23,23,0
Blue Festive Hood,1.7,0.986,0.979,0.986,0.982,0.955,0.96,0.955,0.951,20,9,31,27,0
Commoner's Headband,1.4,0.991,0.982,0.982,0.986,0.956,0.96,0.958,0.956,15,10,27,29,0
Commoner's Headband (Altered),0.7,0.999,0.989,0.989,0.994,0.961,0.965,0.963,0.961,12,8,23,24,0
Envoy Crown,3.8,0.972,0.969,0.969,0.972,0.947,0.953,0.951,0.945,27,15,46,46,0.002
Twinsage Glintstone Crown,5.1,0.956,0.948,0.969,0.952,0.956,0.955,0.966,0.962,16,26,10,10,0.003
Olivinus Glintstone Crown,5.1,0.956,0.948,0.969,0.952,0.956,0.955,0.966,0.962,16,26,10,10,0.003
Lazuli Glintstone Crown,5.1,0.956,0.948,0.969,0.952,0.956,0.955,0.966,0.962,16,26,10,10,0.003
Karolos Glintstone Crown,5.1,0.956,0.948,0.969,0.952,0.956,0.955,0.966,0.962,16,26,10,10,0.003
Witch's Glintstone Crown,5.1,0.956,0.948,0.969,0.952,0.956,0.955,0.966,0.962,16,26,10,10,0.003
Marionette Soldier Helm,3.8,0.956,0.96,0.969,0.962,0.969,0.969,0.977,0.969,10,22,9,8,0.004
Marionette Soldier Birdhelm,3.8,0.956,0.96,0.969,0.962,0.969,0.969,0.975,0.975,11,18,8,9,0.005
Raging Wolf Helm,4.4,0.953,0.953,0.959,0.955,0.965,0.961,0.976,0.967,14,23,8,8,0.005
Land of Reeds Helm,3.6,0.969,0.952,0.966,0.966,0.964,0.96,0.958,0.962,26,22,0,23,0.002
Okina Mask,3.6,0.966,0.96,0.964,0.969,0.962,0.962,0.958,0.964,29,18,23,22,0.002
Confessor Hood,3.3,0.972,0.972,0.964,0.969,0.962,0.962,0.958,0.966,26,20,20,22,0.002
Confessor Hood (Altered),2.7,0.977,0.977,0.969,0.975,0.966,0.966,0.962,0.972,21,14,14,16,0
Prisoner Iron Mask,8.6,0.932,0.93,0.941,0.932,0.954,0.951,0.955,0.952,29,44,35,20,0.011
Blackguard's Iron Mask,6.2,0.942,0.939,0.956,0.945,0.958,0.956,0.96,0.955,22,31,12,12,0.008
Traveling Maiden Hood,1.6,0.986,0.982,0.982,0.991,0.954,0.955,0.954,0.954,18,10,29,31,0.001
Finger Maiden Fillet,2.2,0.979,0.982,0.982,0.986,0.952,0.954,0.954,0.952,18,10,31,31,0.001
Preceptor's Big Hat,3.6,0.975,0.975,0.972,0.975,0.945,0.951,0.952,0.952,26,12,44,42,0.002
Mask of Confidence,3.3,0.977,0.977,0.975,0.977,0.947,0.952,0.953,0.953,24,11,39,35,0.001
Grass Hair Ornament,1.4,0.986,0.986,0.986,0.991,0.955,0.958,0.956,0.955,16,9,27,27,0
Skeletal Mask,3,0.975,0.969,0.972,0.969,0.966,0.966,0.964,0.969,23,14,24,24,0.001
Eccentric's Hood,4,0.956,0.958,0.966,0.956,0.966,0.964,0.977,0.969,14,24,9,8,0.004
Eccentric's Hood (Altered),4,0.956,0.958,0.966,0.956,0.966,0.964,0.977,0.969,12,21,8,7,0.003
Fingerprint Helm,4.6,0.952,0.958,0.958,0.958,0.966,0.955,0.977,0.966,14,26,5,10,0.006
Consort's Mask,3.6,0.972,0.975,0.972,0.975,0.95,0.952,0.952,0.95,24,14,39,35,0.002
Ruler's Mask,2.2,0.982,0.977,0.977,0.986,0.954,0.956,0.954,0.953,20,10,33,33,0.001
Marais Mask,2.2,0.979,0.982,0.977,0.986,0.954,0.955,0.955,0.954,20,14,35,33,0.001
Bloodsoaked Mask,2.2,0.982,0.982,0.982,0.979,0.954,0.956,0.955,0.954,18,10,30,31,0
Omen Helm,9.9,0.933,0.932,0.946,0.932,0.954,0.948,0.947,0.951,29,27,24,33,0.013
Carian Knight Helm,4.6,0.958,0.956,0.962,0.958,0.956,0.958,0.966,0.958,12,20,9,10,0.004
Hierodas Glintstone Crown,3,0.977,0.972,0.977,0.977,0.951,0.953,0.954,0.951,20,11,39,42,0.002
Haima Glintstone Crown,2.7,0.977,0.979,0.975,0.977,0.952,0.955,0.954,0.954,22,11,33,39,0.002
Snow Witch Hat,2.2,0.982,0.979,0.979,0.986,0.954,0.954,0.954,0.954,16,14,31,31,0.001
Juvenile Scholar Cap,1.4,0.986,0.982,0.982,0.986,0.955,0.96,0.958,0.956,15,10,26,29,0
Radiant Gold Mask,2.2,0.977,0.979,0.979,0.986,0.954,0.955,0.954,0.952,22,9,33,33,0.001
Albinauric Mask,3.8,0.96,0.96,0.969,0.962,0.975,0.969,0.979,0.975,12,23,10,10,0.003
Zamor Mask,3.8,0.958,0.956,0.966,0.962,0.969,0.969,0.979,0.972,9,27,5,8,0.004
Imp Head (Cat),8.1,0.942,0.942,0.948,0.939,0.95,0.942,0.952,0.95,35,35,20,20,0.008
Imp Head (Fanged),8.1,0.942,0.942,0.948,0.939,0.95,0.942,0.952,0.95,35,35,20,20,0.008
Imp Head (Long-Tongued),8.1,0.942,0.942,0.948,0.939,0.95,0.942,0.952,0.95,35,35,20,20,0.008
Imp Head (Corpse),8.1,0.942,0.942,0.948,0.939,0.95,0.942,0.952,0.95,35,35,20,20,0.008
Imp Head (Wolf),8.1,0.942,0.942,0.948,0.939,0.95,0.942,0.952,0.95,35,35,20,20,0.008
Imp Head (Elder),8.1,0.942,0.942,0.948,0.939,0.95,0.942,0.952,0.95,35,35,20,20,0.008
Silver Tear Mask,4.6,0.958,0.962,0.964,0.969,0.945,0.948,0.95,0.947,26,20,44,44,0.003
Chain Coif,3.8,0.958,0.954,0.969,0.958,0.975,0.962,0.979,0.972,11,18,5,8,0.004
Greathelm,5.9,0.945,0.942,0.958,0.948,0.958,0.954,0.962,0.958,16,29,11,11,0.007
Octopus Head,3.6,0.966,0.972,0.946,0.972,0.96,0.964,0.96,0.962,31,14,23,23,0.002
Jar,6.8,0.932,0.93,0.966,0.932,0.953,0.951,0.954,0.953,24,33,16,15,0.008
Mushroom Head,2.2,0.979,0.991,0.975,0.982,0.953,0.982,0.954,0.954,44,10,39,33,0
Nox Mirrorhelm,7.5,0.96,0.945,0.966,0.95,0.933,0.947,0.958,0.947,29,33,26,42,0.004
Iji's Mirrorhelm,7.5,0.962,0.948,0.962,0.948,0.938,0.954,0.952,0.942,22,42,26,39,0.005
Black Hood,3,0.972,0.969,0.969,0.969,0.969,0.966,0.964,0.969,33,16,16,18,0.001
Bandit Mask,3,0.972,0.969,0.969,0.969,0.969,0.966,0.964,0.969,30,14,14,16,0
Knight Helm,4.6,0.956,0.952,0.958,0.952,0.962,0.962,0.966,0.969,12,22,8,8,0.006
Greathood,5.1,0.962,0.962,0.964,0.964,0.945,0.95,0.945,0.938,33,20,47,47,0.002
Godrick Soldier Helm,4,0.956,0.956,0.964,0.958,0.969,0.964,0.975,0.969,12,22,9,9,0.005
Raya Lucarian Helm,4,0.956,0.954,0.966,0.956,0.966,0.964,0.977,0.972,12,22,9,9,0.005
Leyndell Soldier Helm,4,0.956,0.958,0.962,0.956,0.972,0.966,0.972,0.969,12,22,9,9,0.005
Radahn Soldier Helm,4,0.954,0.958,0.966,0.96,0.969,0.962,0.975,0.969,12,20,9,10,0.005
Haligtree Helm,4,0.956,0.958,0.962,0.956,0.972,0.966,0.975,0.966,12,22,9,10,0.004
Gelmir Knight Helm,5.1,0.952,0.95,0.96,0.952,0.962,0.956,0.964,0.962,15,23,10,10,0.006
Godrick Knight Helm,5.1,0.952,0.95,0.958,0.954,0.962,0.958,0.966,0.962,15,24,10,10,0.006
Cuckoo Knight Helm,5.1,0.952,0.948,0.96,0.952,0.956,0.958,0.969,0.964,14,24,10,10,0.006
Leyndell Knight Helm,5.1,0.952,0.952,0.956,0.952,0.964,0.96,0.964,0.962,15,24,10,10,0.006
Redmane Knight Helm,5.1,0.95,0.952,0.96,0.956,0.962,0.956,0.966,0.962,15,23,10,11,0.006
Haligtree Knight Helm,5.1,0.952,0.952,0.956,0.952,0.964,0.96,0.966,0.96,15,24,10,11,0.005
Foot Soldier Cap,3.6,0.966,0.966,0.964,0.966,0.962,0.96,0.958,0.962,27,18,23,23,0.002
Foot Soldier Helmet,3.6,0.966,0.964,0.966,0.964,0.96,0.96,0.96,0.964,27,18,23,23,0.002
Gilded Foot Soldier Cap,3.6,0.966,0.969,0.962,0.964,0.964,0.962,0.956,0.962,27,18,23,23,0.002
Foot Soldier Helm,3.6,0.964,0.969,0.966,0.969,0.962,0.958,0.958,0.962,27,18,23,23,0.002
Sacred Crown Helm,3.6,0.966,0.969,0.962,0.964,0.964,0.962,0.958,0.96,27,18,23,24,0.002
Omensmirk Mask,3,0.969,0.975,0.972,0.975,0.969,0.966,0.96,0.964,29,12,20,20,0.002
Ash-of-War Scarab,5.1,0.962,0.962,0.96,0.962,0.954,0.954,0.954,0.955,42,22,27,26,0.002
Incantation Scarab,5.1,0.962,0.962,0.96,0.962,0.954,0.954,0.954,0.955,42,22,27,26,0.002
Glintstone Scarab,5.1,0.962,0.962,0.96,0.962,0.954,0.954,0.954,0.955,42,22,27,26,0.002
Crimson Tear Scarab,5.1,0.962,0.962,0.96,0.962,0.954,0.954,0.954,0.955,42,22,27,26,0.002
Cerulean Tear Scarab,5.1,0.962,0.962,0.96,0.962,0.954,0.954,0.954,0.955,42,22,27,26,0.002
Fia's Hood,1.7,0.986,0.986,0.982,0.986,0.956,0.958,0.956,0.954,18,8,29,45,0
Highwayman Hood,3.3,0.972,0.972,0.964,0.969,0.962,0.962,0.96,0.964,24,15,22,22,0.002
High Page Hood,1.4,0.991,0.991,0.982,0.991,0.954,0.958,0.956,0.955,15,8,27,27,0
Rotten Duelist Helm,6.4,0.945,0.942,0.954,0.945,0.955,0.954,0.956,0.955,31,31,14,14,0.008
Mushroom Crown,9.1,0.942,0.932,0.941,0.93,0.952,0.969,0.954,0.952,46,45,18,22,0.009
Black Dumpling,2.7,0.972,0.972,0.969,0.972,0.969,0.966,0.964,0.969,24,15,0,20,0.001
Body,0,1,1,1,1,1,1,1,1,0,0,0,0,0
Scale Armor,8.8,0.881,0.898,0.876,0.891,0.929,0.891,0.933,0.92,25,46,11,21,0.014
Kaiden Armor,8.8,0.881,0.912,0.881,0.881,0.92,0.912,0.929,0.92,25,55,11,11,0.014
Drake Knight Armor,9.2,0.886,0.905,0.881,0.886,0.898,0.886,0.912,0.898,25,46,21,21,0.014
Drake Knight Armor (Altered),8.3,0.888,0.914,0.888,0.893,0.92,0.905,0.933,0.92,21,34,10,10,0.008
Scaled Armor,16,0.84,0.861,0.832,0.84,0.865,0.859,0.87,0.865,57,83,38,38,0.027
Scaled Armor (Altered),15,0.847,0.866,0.84,0.847,0.872,0.867,0.876,0.872,45,64,29,29,0.022
Perfumer Robe,5.1,0.947,0.933,0.939,0.947,0.87,0.876,0.874,0.87,63,21,71,76,0.002
Perfumer Robe (Altered),4.1,0.958,0.939,0.947,0.958,0.872,0.881,0.876,0.872,54,18,63,67,0.002
Perfumer's Traveling Garb,5.1,0.939,0.939,0.947,0.958,0.87,0.87,0.874,0.87,57,23,76,71,0.002
Perfumer's Traveling Garb (Altered),4.1,0.947,0.947,0.958,0.973,0.872,0.872,0.876,0.872,55,21,67,63,0.002
Alberich's Robe,4.1,0.947,0.958,0.947,0.947,0.872,0.881,0.876,0.872,38,23,67,71,0.001
Alberich's Robe (Altered),3.2,0.958,0.973,0.958,0.958,0.874,0.886,0.881,0.874,32,19,57,61,0
Spellblade's Traveling Attire,3.3,0.959,0.974,0.959,0.959,0.873,0.887,0.882,0.873,35,17,59,63,0.001
Spellblade's Traveling Attire (Altered),2.5,0.974,0.995,0.974,0.974,0.874,0.891,0.886,0.874,32,10,54,57,0
Bull-Goat Armor,26.5,0.796,0.798,0.817,0.817,0.867,0.865,0.851,0.872,71,83,46,55,0.047
Ronin's Armor,8.5,0.895,0.895,0.888,0.895,0.881,0.876,0.866,0.881,66,48,52,57,0.006
Ronin's Armor (Altered),7.6,0.912,0.912,0.905,0.912,0.898,0.891,0.881,0.898,54,38,42,45,0.004
Cloth Garb,3.2,0.947,0.958,0.973,0.958,0.872,0.876,0.881,0.876,42,23,60,60,0.001
Blaidd's Armor,13.7,0.854,0.871,0.854,0.847,0.886,0.874,0.898,0.881,38,76,25,25,0.024
Blaidd's Armor (Altered),12.5,0.86,0.876,0.86,0.854,0.891,0.876,0.905,0.886,32,57,22,21,0.02
Black Knife Armor,9.2,0.886,0.891,0.876,0.876,0.912,0.905,0.933,0.886,28,46,23,23,0.014
Black Knife Armor (Altered),9,0.887,0.892,0.877,0.877,0.913,0.906,0.934,0.887,25,42,21,21,0.012
Exile Armor,9.2,0.876,0.905,0.871,0.876,0.92,0.891,0.933,0.905,28,55,21,18,0.014
Banished Knight Armor,17.5,0.813,0.85,0.808,0.825,0.865,0.865,0.87,0.867,60,83,38,42,0.028
Banished Knight Armor (Altered),16.5,0.817,0.856,0.813,0.832,0.867,0.867,0.872,0.87,52,69,32,34,0.025
Briar Armor,11.8,0.871,0.886,0.865,0.876,0.891,0.876,0.912,0.891,35,71,24,24,0.015
Briar Armor (Altered),10.7,0.876,0.891,0.876,0.881,0.898,0.886,0.929,0.905,29,61,21,21,0.012
Page Garb,5.1,0.933,0.939,0.947,0.947,0.872,0.874,0.87,0.87,42,23,83,83,0.002
Page Garb (Altered),4.5,0.937,0.945,0.956,0.956,0.872,0.874,0.87,0.87,34,19,64,64,0.001
Night's Cavalry Armor,12.8,0.86,0.871,0.86,0.865,0.891,0.874,0.891,0.874,38,57,24,24,0.021
Night's Cavalry Armor (Altered),11.8,0.865,0.876,0.865,0.876,0.898,0.876,0.898,0.876,32,50,21,21,0.017
Blue Silver Mail Armor,9.2,0.876,0.905,0.871,0.886,0.891,0.898,0.92,0.92,25,60,18,18,0.014
Blue Silver Mail Armor (Altered),8.5,0.879,0.91,0.874,0.889,0.896,0.903,0.927,0.927,21,52,10,10,0.01
Nomadic Merchant's Finery,7.2,0.92,0.912,0.929,0.933,0.905,0.905,0.905,0.912,57,32,71,46,0.003
Nomadic Merchant's Finery (Altered),6.1,0.93,0.921,0.934,0.94,0.913,0.913,0.913,0.921,50,25,61,38,0.001
Malformed Dragon Armor,16,0.832,0.85,0.825,0.832,0.87,0.87,0.862,0.87,57,76,38,38,0.026
Tree Sentinel Armor,18.9,0.813,0.85,0.813,0.825,0.87,0.829,0.874,0.859,67,90,42,46,0.028
Tree Sentinel Armor (Altered),18.1,0.815,0.852,0.815,0.827,0.874,0.836,0.876,0.86,57,75,34,38,0.025
Royal Knight Armor,15.5,0.84,0.856,0.825,0.832,0.859,0.867,0.876,0.87,50,67,35,35,0.024
Royal Knight Armor (Altered),15,0.842,0.858,0.827,0.834,0.861,0.869,0.878,0.872,45,61,32,32,0.021
Nox Monk Armor,8.1,0.907,0.9,0.907,0.914,0.878,0.883,0.883,0.9,63,42,50,50,0.006
Nox Monk Armor (Altered),7.4,0.914,0.907,0.914,0.922,0.883,0.888,0.888,0.907,54,34,42,42,0.004
Nox Swordstress Armor,8.3,0.912,0.898,0.912,0.905,0.874,0.891,0.876,0.886,60,38,55,55,0.008
Night Maiden Armor,8.3,0.92,0.905,0.92,0.898,0.876,0.886,0.881,0.876,63,38,55,55,0.006
Nox Swordstress Armor (Altered),7.5,0.92,0.905,0.92,0.912,0.876,0.898,0.881,0.891,56,34,49,49,0.005
Fur Raiment,5.1,0.939,0.933,0.939,0.939,0.933,0.929,0.912,0.929,63,42,55,38,0.001
Shaman Furs,5.1,0.947,0.939,0.947,0.92,0.92,0.929,0.92,0.933,63,42,55,35,0.002
Gravekeeper Cloak,6.3,0.929,0.912,0.929,0.929,0.92,0.905,0.898,0.912,63,25,42,42,0.002
Gravekeeper Cloak (Altered),5.1,0.933,0.92,0.933,0.933,0.929,0.912,0.905,0.92,54,22,34,34,0.001
Sanguine Noble Robe,5.1,0.939,0.947,0.947,0.947,0.867,0.881,0.87,0.865,50,21,83,76,0.002
Guardian Garb (Full Bloom),8.8,0.898,0.898,0.905,0.905,0.881,1.023,0.881,0.886,71,46,57,55,0.005
Guardian Garb,7.7,0.905,0.905,0.912,0.92,0.891,0.898,0.891,0.891,61,38,50,42,0.004
Cleanrot Armor,15,0.854,0.866,0.84,0.825,0.874,0.872,0.886,0.865,63,67,28,32,0.023
Cleanrot Armor (Altered),13.7,0.865,0.876,0.854,0.84,0.881,0.876,0.898,0.87,52,54,22,22,0.017
Fire Monk Armor,11.8,0.86,0.876,0.865,0.876,0.891,0.867,0.905,0.905,32,55,24,24,0.016
Blackflame Monk Armor,11.8,0.865,0.886,0.854,0.871,0.898,0.87,0.92,0.898,32,55,21,32,0.019
Fire Prelate Armor,24.7,0.808,0.83,0.817,0.817,0.865,0.802,0.87,0.867,67,63,90,50,0.04
Fire Prelate Armor (Altered),23.6,0.813,0.837,0.825,0.825,0.867,0.817,0.872,0.87,57,54,75,42,0.037
Aristocrat Garb,4.9,0.922,0.914,0.922,0.922,0.935,0.931,0.922,0.935,47,33,36,30,0.002
Aristocrat Garb (Altered),4.1,0.929,0.92,0.929,0.929,0.939,0.933,0.929,0.939,42,29,32,25,0.001
Aristocrat Coat,7.1,0.912,0.912,0.92,0.912,0.891,0.886,0.891,0.912,50,32,42,46,0.003
Old Aristocrat Gown,5.1,0.929,0.929,0.933,0.929,0.905,0.898,0.905,0.929,42,25,35,38,0.002
Vulgar Militia Armor,7.7,0.912,0.898,0.905,0.92,0.898,0.898,0.891,0.898,67,35,50,50,0.006
Sage Robe,5.1,0.933,0.939,0.939,0.958,0.865,0.874,0.87,0.865,38,23,71,76,0.002
Elden Lord Armor,9.2,0.881,0.891,0.886,0.876,0.912,0.886,0.929,0.92,32,55,18,21,0.014
Elden Lord Armor (Altered),8.4,0.889,0.901,0.894,0.884,0.923,0.894,0.936,0.932,22,45,10,16,0.01
Radahn's Lion Armor,17.5,0.813,0.85,0.817,0.825,0.865,0.859,0.874,0.865,60,99,42,38,0.028
Radahn's Lion Armor (Altered),16.4,0.815,0.854,0.823,0.83,0.867,0.86,0.876,0.867,52,82,34,32,0.024
Lord of Blood's Robe,8.1,0.907,0.9,0.914,0.914,0.9,0.878,0.878,0.867,63,23,55,55,0.008
Lord of Blood's Robe (Altered),7.3,0.911,0.904,0.919,0.919,0.904,0.88,0.88,0.866,57,19,47,47,0.007
Queen's Robe,5.1,0.939,0.947,0.947,0.958,0.862,0.874,0.872,0.867,42,25,71,83,0.002
Sanguine Noble Robe,4.1,0.939,0.947,0.947,0.973,0.874,0.881,0.876,0.862,42,21,67,63,0.002
Godskin Apostle Robe,6.3,0.939,0.905,0.933,0.939,0.87,0.876,0.874,0.859,46,25,76,83,0.005
Depraved Perfumer Robe,5,0.94,0.94,0.948,0.959,0.868,0.873,0.875,0.873,65,22,55,80,0.002
Depraved Perfumer Robe (Altered),4,0.947,0.948,0.959,0.974,0.87,0.874,0.876,0.874,63,18,48,63,0.001
Crucible Axe Armor,15.5,0.825,0.861,0.832,0.832,0.87,0.872,0.886,0.865,50,71,35,35,0.027
Crucible Tree Armor,15.5,0.823,0.861,0.825,0.842,0.87,0.881,0.886,0.855,50,71,35,35,0.027
Crucible Axe Armor (Altered),14.9,0.832,0.866,0.84,0.84,0.872,0.874,0.891,0.867,42,61,29,29,0.023
Crucible Tree Armor (Altered),14.9,0.83,0.866,0.84,0.844,0.872,0.886,0.891,0.859,42,61,29,29,0.023
Lusat's Robe,7.1,0.92,0.939,0.92,0.939,0.846,0.872,0.867,0.865,50,25,83,99,0.003
Azur's Glintstone Robe,7.1,0.929,0.939,0.933,0.933,0.846,0.872,0.87,0.862,50,28,99,83,0.003
All-Knowing Armor,10.7,0.871,0.881,0.865,0.881,0.876,0.905,0.898,0.912,28,46,21,21,0.016
All-Knowing Armor (Altered),9.3,0.876,0.891,0.871,0.886,0.886,0.912,0.905,0.92,22,38,16,16,0.013
Twinned Armor,13.7,0.854,0.866,0.84,0.865,0.876,0.876,0.898,0.886,38,60,24,60,0.021
Twinned Armor (Altered),12.8,0.86,0.871,0.847,0.871,0.881,0.881,0.905,0.891,32,52,21,52,0.017
Ragged Armor,9.2,0.905,0.898,0.905,0.905,0.891,0.886,0.881,0.891,63,42,55,55,0.008
Ragged Armor (Altered),8.5,0.909,0.902,0.909,0.909,0.895,0.888,0.883,0.895,60,38,50,50,0.007
Corhyn's Robe,6.3,0.939,0.933,0.933,0.939,0.867,0.872,0.872,0.865,46,24,107,76,0.002
Prophet Robe (Altered),5.1,0.939,0.939,0.947,0.939,0.867,0.876,0.872,0.872,38,22,69,75,0.001
Prophet Robe,6.3,0.933,0.933,0.939,0.933,0.865,0.874,0.87,0.87,46,25,83,90,0.003
Astrologer Robe,6.3,0.933,0.939,0.939,0.939,0.865,0.87,0.867,0.87,50,24,90,76,0.005
Astrologer Robe (Altered),5.3,0.939,0.947,0.947,0.947,0.867,0.872,0.87,0.872,42,21,75,64,0.002
Lionel's Armor,21.2,0.825,0.837,0.808,0.803,0.865,0.851,0.87,0.865,63,99,42,50,0.037
Lionel's Armor (Altered),20.2,0.829,0.841,0.812,0.807,0.869,0.855,0.874,0.869,57,90,38,45,0.033
Hoslow's Armor,11.8,0.86,0.881,0.865,0.876,0.891,0.881,0.898,0.898,38,60,24,24,0.016
Hoslow's Armor (Altered),10.8,0.864,0.885,0.875,0.88,0.897,0.89,0.911,0.911,32,52,21,21,0.013
Vagabond Knight Armor,10.6,0.865,0.886,0.876,0.881,0.898,0.891,0.912,0.912,35,57,23,23,0.015
Vagabond Knight Armor (Altered),9.6,0.868,0.895,0.878,0.883,0.909,0.895,0.917,0.917,29,50,19,19,0.012
Blue Cloth Vest,7.7,0.905,0.905,0.92,0.92,0.898,0.891,0.881,0.905,63,42,50,50,0.006
War Surgeon Gown,6.9,0.93,0.921,0.913,0.93,0.906,0.899,0.892,0.899,53,37,44,48,0.005
War Surgeon Gown (Altered),6.1,0.934,0.93,0.921,0.934,0.913,0.906,0.899,0.906,45,32,38,42,0.002
Royal Remains Armor,10.6,0.881,0.886,0.871,0.881,0.905,0.898,0.92,0.912,35,57,24,11,0.015
Beast Champion Armor,17.5,0.825,0.837,0.813,0.817,0.87,0.862,0.872,0.865,57,90,42,38,0.028
Beast Champion Armor (Altered),16.4,0.828,0.841,0.815,0.818,0.871,0.863,0.873,0.866,50,75,34,32,0.025
Champion Pauldron,5.1,0.939,0.92,0.933,0.929,0.929,0.912,0.905,0.912,46,28,38,35,0.003
Noble's Traveling Garb,6.3,0.939,0.933,0.939,0.933,0.867,0.865,0.87,0.867,46,24,76,83,0.002
Maliketh's Armor,12.8,0.865,0.881,0.86,0.865,0.891,0.886,0.905,0.872,35,57,24,50,0.019
Maliketh's Armor (Altered),11.8,0.871,0.886,0.865,0.876,0.898,0.891,0.912,0.874,29,50,21,42,0.014
Malenia's Armor,7.7,0.891,0.929,0.886,0.905,0.939,0.929,0.958,0.929,38,32,11,11,0.009
Malenia's Armor (Altered),6.8,0.9,0.935,0.893,0.914,0.949,0.935,0.975,0.935,29,25,0,0,0.007
Veteran's Armor,18.9,0.813,0.83,0.813,0.825,0.865,0.859,0.872,0.867,63,90,46,46,0.037
Veteran's Armor (Altered),17.2,0.819,0.832,0.815,0.827,0.869,0.864,0.876,0.872,54,75,38,38,0.029
Bloodhound Knight Armor,10.6,0.876,0.886,0.86,0.865,0.905,0.898,0.929,0.898,32,50,23,23,0.014
Bloodhound Knight Armor (Altered),9.6,0.879,0.889,0.863,0.868,0.908,0.901,0.932,0.901,29,45,21,21,0.012
Festive Garb,4.1,0.958,0.947,0.939,0.947,0.874,0.881,0.876,0.87,42,21,67,67,0.001
Festive Garb (Altered),3.2,0.973,0.958,0.947,0.958,0.876,0.886,0.881,0.872,34,16,57,57,0
Blue Festive Garb,4.1,0.958,0.958,0.939,0.947,0.874,0.886,0.874,0.862,46,21,71,63,0.001
Commoner's Garb,5.1,0.947,0.933,0.933,0.939,0.872,0.876,0.874,0.872,42,25,76,83,0.002
Commoner's Garb (Altered),4.1,0.958,0.939,0.939,0.947,0.874,0.881,0.876,0.874,34,21,61,64,0
Commoner's Simple Garb,5.1,0.958,0.933,0.933,0.939,0.87,0.874,0.874,0.872,46,24,76,83,0.002
Commoner's Simple Garb (Altered),4.1,0.968,0.939,0.939,0.947,0.872,0.876,0.876,0.874,38,21,61,64,0
Raya Lucarian Robe,4.1,0.947,0.939,0.939,0.973,0.865,0.874,0.876,0.872,42,18,67,63,0.001
Marionette Soldier Armor,8.8,0.881,0.912,0.865,0.912,0.912,0.912,0.933,0.912,24,50,21,18,0.014
Raging Wolf Armor,10.1,0.868,0.884,0.868,0.874,0.901,0.889,0.932,0.908,31,55,17,17,0.015
Raging Wolf Armor (Altered),9,0.872,0.892,0.872,0.877,0.913,0.892,0.934,0.913,25,50,10,10,0.012
Land of Reeds Armor,8.3,0.912,0.905,0.881,0.905,0.898,0.886,0.881,0.891,60,50,50,55,0.006
Land of Reeds Armor (Altered),7.8,0.92,0.912,0.886,0.912,0.905,0.891,0.886,0.898,52,42,42,45,0.004
White Reed Armor,8.3,0.905,0.898,0.886,0.912,0.891,0.891,0.881,0.898,67,42,55,50,0.008
Confessor Armor,8.3,0.912,0.891,0.912,0.905,0.886,0.886,0.876,0.898,63,50,50,55,0.006
Confessor Armor (Altered),7.3,0.924,0.902,0.924,0.916,0.895,0.895,0.885,0.909,54,42,42,45,0.004
Prisoner Clothing,3.2,0.958,0.947,0.947,0.958,0.881,0.886,0.886,0.874,42,23,63,63,0.001
Traveling Maiden Robe,4.9,0.946,0.938,0.938,0.957,0.866,0.871,0.869,0.866,46,24,76,83,0.002
Traveling Maiden Robe (Altered),4.3,0.957,0.946,0.946,0.972,0.869,0.873,0.871,0.869,38,21,61,64,0.001
Finger Maiden Robe,4.6,0.942,0.953,0.953,0.968,0.862,0.869,0.867,0.862,38,21,63,63,0.002
Finger Maiden Robe (Altered),3.7,0.958,0.973,0.973,0.994,0.87,0.876,0.874,0.865,32,16,54,54,0.001
Preceptor's Long Gown,6.3,0.939,0.933,0.939,0.939,0.855,0.867,0.872,0.872,50,24,83,76,0.003
Preceptor's Long Gown (Altered),3.2,0.958,0.958,0.973,0.958,0.872,0.876,0.881,0.876,38,16,57,57,0
Raptor's Black Feathers,7.7,0.92,0.912,0.905,0.905,0.898,0.898,0.891,0.905,57,35,60,60,0.005
Bandit Garb,7.7,0.92,0.912,0.905,0.905,0.898,0.898,0.891,0.905,52,32,54,54,0.004
Eccentric's Armor,10.6,0.871,0.891,0.876,0.871,0.891,0.891,0.929,0.905,35,60,23,21,0.015
Fingerprint Armor,10.6,0.865,0.881,0.881,0.881,0.905,0.874,0.933,0.905,32,60,11,23,0.019
Fingerprint Armor (Altered),10,0.869,0.885,0.885,0.885,0.909,0.878,0.937,0.909,29,54,10,21,0.017
Consort's Robe,4.1,0.947,0.958,0.958,0.947,0.87,0.876,0.876,0.872,46,25,67,63,0.001
Ruler's Robe,5.1,0.947,0.933,0.933,0.958,0.87,0.876,0.872,0.867,46,24,76,76,0.002
Upper-Class Robe,4.1,0.958,0.939,0.939,0.973,0.872,0.881,0.874,0.87,38,21,61,61,0.001
Marais Robe,4.1,0.947,0.939,0.958,0.973,0.874,0.876,0.876,0.874,42,28,71,67,0.002
Official's Attire,4.1,0.958,0.958,0.958,0.947,0.872,0.881,0.876,0.872,38,22,61,64,0.001
Omen Armor,23.1,0.817,0.85,0.813,0.813,0.87,0.855,0.851,0.862,67,63,57,76,0.04
Carian Knight Armor,10.4,0.882,0.892,0.877,0.882,0.877,0.882,0.906,0.882,28,46,21,23,0.012
Carian Knight Armor (Altered),9.7,0.883,0.902,0.878,0.883,0.883,0.883,0.909,0.883,22,38,16,19,0.008
Errant Sorcerer Robe,4.1,0.958,0.958,0.939,0.958,0.87,0.874,0.876,0.87,35,23,67,71,0.002
Errant Sorcerer Robe (Altered),3.2,0.973,0.973,0.947,0.973,0.872,0.876,0.881,0.872,31,20,62,66,0.001
Battlemage Robe,4.1,0.947,0.939,0.958,0.947,0.87,0.881,0.876,0.874,42,23,63,71,0.002
Snow Witch Robe,5.5,0.943,0.935,0.935,0.954,0.866,0.866,0.868,0.866,38,32,71,71,0.002
Snow Witch Robe (Altered),4.6,0.954,0.943,0.943,0.969,0.868,0.868,0.87,0.868,32,25,57,57,0
Traveler's Clothes,4.1,0.939,0.947,0.958,0.973,0.867,0.874,0.872,0.876,35,24,67,67,0.002
Juvenile Scholar Robe,4.1,0.947,0.939,0.939,0.947,0.872,0.881,0.876,0.874,38,25,63,71,0.001
Goldmask's Rags,2.4,0.958,0.973,0.973,0.994,0.881,0.886,0.881,0.872,38,11,60,60,0.001
Fell Omen Cloak,5.1,0.939,0.933,0.933,0.939,0.87,0.876,0.874,0.872,42,25,71,83,0.002
Dirty Chainmail,8.8,0.886,0.912,0.881,0.886,0.92,0.912,0.939,0.92,25,50,21,21,0.014
Zamor Armor,8.8,0.881,0.905,0.876,0.891,0.912,0.912,0.939,0.92,21,63,11,18,0.014
Chain Armor,8.8,0.881,0.912,0.871,0.881,0.929,0.891,0.939,0.92,25,42,11,18,0.012
Eye Surcoat,9.2,0.871,0.912,0.871,0.881,0.912,0.891,0.929,0.912,25,55,21,18,0.015
Tree Surcoat,9.2,0.871,0.912,0.871,0.881,0.912,0.891,0.929,0.912,25,55,21,18,0.015
Mushroom Body,5.1,0.939,0.929,0.973,0.947,0.867,0.947,0.872,0.87,102,24,90,76,0.001
Leather Armor,7.1,0.92,0.905,0.92,0.912,0.905,0.905,0.898,0.898,60,35,42,50,0.002
Knight Armor,10.6,0.876,0.881,0.865,0.865,0.891,0.891,0.905,0.912,28,50,18,18,0.019
Tree-and-Beast Surcoat,10.6,0.871,0.886,0.871,0.876,0.898,0.891,0.92,0.905,32,55,23,23,0.016
Cuckoo Surcoat,10.6,0.871,0.891,0.865,0.871,0.881,0.891,0.929,0.912,28,55,23,23,0.016
Erdtree Surcoat,10.6,0.871,0.881,0.876,0.871,0.905,0.898,0.912,0.905,32,55,23,23,0.016
Redmane Surcoat,10.6,0.865,0.891,0.876,0.881,0.898,0.886,0.92,0.905,32,50,23,24,0.016
Mausoleum Surcoat,10.6,0.871,0.891,0.865,0.876,0.898,0.898,0.912,0.898,32,50,23,21,0.019
Haligtree Crest Surcoat,10.6,0.871,0.881,0.876,0.871,0.905,0.898,0.92,0.898,32,55,23,24,0.015
Gelmir Knight Armor,11.8,0.865,0.886,0.86,0.865,0.891,0.876,0.898,0.891,35,55,24,23,0.019
Gelmir Knight Armor (Altered),10.8,0.869,0.89,0.864,0.869,0.895,0.88,0.902,0.895,32,50,21,21,0.017
Godrick Knight Armor,11.8,0.865,0.881,0.86,0.871,0.891,0.881,0.905,0.891,35,57,24,24,0.019
Godrick Knight Armor (Altered),10.8,0.869,0.885,0.864,0.875,0.895,0.885,0.909,0.895,32,52,21,21,0.017
Cuckoo Knight Armor,11.8,0.865,0.886,0.854,0.865,0.876,0.881,0.912,0.898,32,57,24,24,0.019
Cuckoo Knight Armor (Altered),10.8,0.869,0.89,0.858,0.869,0.88,0.885,0.916,0.902,29,52,21,21,0.017
Leyndell Knight Armor,11.8,0.865,0.876,0.865,0.865,0.898,0.886,0.886,0.898,35,55,24,24,0.019
Leyndell Knight Armor (Altered),10.8,0.869,0.88,0.869,0.869,0.902,0.89,0.89,0.902,32,50,21,21,0.017
Redmane Knight Armor,11.8,0.865,0.886,0.865,0.876,0.891,0.872,0.905,0.891,35,55,24,25,0.019
Redmane Knight Armor (Altered),10.8,0.869,0.89,0.869,0.88,0.895,0.876,0.909,0.895,32,50,21,22,0.017
Mausoleum Knight Armor,11.8,0.865,0.886,0.854,0.871,0.891,0.886,0.898,0.886,35,55,24,23,0.021
Mausoleum Knight Armor (Altered),10.8,0.869,0.89,0.858,0.875,0.895,0.89,0.902,0.89,32,50,21,21,0.018
Haligtree Knight Armor,11.8,0.865,0.876,0.865,0.865,0.898,0.886,0.905,0.886,35,57,24,25,0.016
Haligtree Knight Armor (Altered),10.8,0.869,0.88,0.869,0.869,0.902,0.89,0.909,0.89,32,52,21,22,0.014
Chain-Draped Tabard,8.3,0.905,0.898,0.905,0.905,0.891,0.886,0.881,0.891,63,42,55,55,0.008
Foot Soldier Tabard,8.3,0.905,0.905,0.898,0.898,0.886,0.886,0.886,0.898,63,42,55,55,0.008
Leather-Draped Tabard,8.3,0.905,0.891,0.912,0.898,0.898,0.891,0.876,0.891,63,42,55,55,0.008
Scarlet Tabard,8.3,0.898,0.905,0.912,0.912,0.891,0.881,0.881,0.891,63,42,55,55,0.008
Bloodsoaked Tabard,8.3,0.905,0.905,0.898,0.905,0.891,0.891,0.876,0.886,63,38,55,50,0.009
Ivory-Draped Tabard,8.3,0.905,0.891,0.912,0.898,0.898,0.891,0.881,0.886,63,42,55,57,0.006
Omenkiller Robe,7.1,0.912,0.92,0.929,0.929,0.912,0.905,0.886,0.898,67,28,46,46,0.006
Deathbed Dress,3.2,0.994,0.973,0.994,0.994,0.881,0.886,0.881,0.876,38,11,63,107,0.001
Fia's Robe,5.1,0.947,0.939,0.947,0.947,0.874,0.876,0.874,0.87,46,21,76,108,0.002
Fia's Robe (Altered),3.2,0.973,0.958,0.973,0.973,0.881,0.886,0.881,0.874,34,10,57,93,0
Highwayman Cloth Armor,7.7,0.92,0.898,0.92,0.912,0.891,0.891,0.886,0.898,57,35,50,50,0.006
High Page Clothes,5.3,0.945,0.931,0.945,0.945,0.865,0.872,0.87,0.868,42,23,76,76,0.002
High Page Clothes (Altered),4.3,0.956,0.937,0.956,0.956,0.868,0.874,0.872,0.87,34,19,61,61,0.001
Rotten Gravekeeper Cloak,6.3,0.933,0.933,0.933,0.933,0.912,0.912,0.891,0.912,76,32,42,42,0.002
Rotten Gravekeeper Cloak (Altered),5.1,0.939,0.939,0.939,0.939,0.92,0.92,0.898,0.92,64,25,34,34,0.001
Lazuli Robe,4.1,0.939,0.958,0.947,0.973,0.862,0.881,0.876,0.872,42,21,67,67,0.002
Arms,0,1,1,1,1,1,1,1,1,0,0,0,0,0
Iron Gauntlets,2.9,0.972,0.971,0.977,0.971,0.979,0.977,0.985,0.981,8,15,6,4,0.003
Kaiden Gauntlets,2.9,0.971,0.971,0.979,0.971,0.981,0.979,0.983,0.981,8,15,6,6,0.003
Drake Knight Gauntlets,3.1,0.972,0.971,0.977,0.972,0.975,0.972,0.979,0.975,8,15,7,7,0.003
Scaled Gauntlets,5.3,0.96,0.958,0.966,0.96,0.967,0.965,0.968,0.967,19,28,13,13,0.006
Perfumer Gloves,1.4,0.99,0.987,0.985,0.99,0.968,0.971,0.969,0.968,20,6,21,22,0
Traveler's Gloves,1.4,0.987,0.99,0.987,0.994,0.968,0.968,0.969,0.968,18,7,22,21,0
Alberich's Bracers,1.4,0.987,0.987,0.99,0.987,0.968,0.971,0.969,0.968,13,8,22,24,0
Spellblade's Gloves,1.2,0.991,0.991,0.995,0.991,0.969,0.973,0.972,0.969,11,6,19,20,0
Bull-Goat Gauntlets,8.8,0.948,0.954,0.948,0.954,0.967,0.967,0.963,0.968,24,28,15,18,0.01
Ronin's Gauntlets,3.1,0.973,0.972,0.973,0.973,0.971,0.969,0.968,0.971,25,19,20,21,0.002
Blaidd's Gauntlets,4.6,0.964,0.964,0.968,0.962,0.972,0.968,0.973,0.971,13,21,8,8,0.005
Black Knife Gauntlets,3.1,0.972,0.969,0.973,0.969,0.979,0.977,0.984,0.972,9,15,8,8,0.003
Exile Gauntlets,2.9,0.971,0.969,0.979,0.971,0.983,0.975,0.985,0.979,8,17,6,4,0.003
Banished Knight Gauntlets,5.8,0.953,0.951,0.963,0.956,0.967,0.967,0.968,0.967,20,28,13,14,0.006
Briar Gauntlets,3.9,0.968,0.967,0.972,0.969,0.973,0.969,0.979,0.973,12,24,8,8,0.003
Night's Cavalry Gauntlets,4.3,0.965,0.965,0.968,0.967,0.973,0.969,0.973,0.969,13,19,8,8,0.004
Blue Silver Bracelets,2.1,0.977,0.975,0.985,0.981,0.981,0.984,0.99,0.99,4,14,4,4,0.001
Malformed Dragon Gauntlets,5.3,0.958,0.956,0.963,0.958,0.968,0.968,0.966,0.968,19,25,13,13,0.006
Tree Sentinel Gauntlets,6.3,0.953,0.953,0.963,0.956,0.968,0.957,0.969,0.965,22,30,14,15,0.006
Royal Knight Gauntlets,5.2,0.96,0.956,0.964,0.958,0.965,0.967,0.969,0.968,17,22,12,12,0.005
Nox Monk Bracelets,2.6,0.979,0.979,0.977,0.981,0.971,0.972,0.972,0.977,20,13,15,15,0.001
Guardian Bracers,2.9,0.973,0.975,0.975,0.977,0.971,0.972,0.971,0.971,25,17,20,19,0.001
Cleanrot Gauntlets,5,0.964,0.96,0.967,0.956,0.969,0.968,0.972,0.967,21,22,9,11,0.005
Fire Monk Gauntlets,3.9,0.965,0.967,0.969,0.969,0.973,0.967,0.977,0.977,11,18,8,8,0.004
Blackflame Monk Gauntlets,3.9,0.967,0.964,0.972,0.968,0.975,0.968,0.981,0.975,11,18,7,11,0.004
Fire Prelate Gauntlets,8.2,0.951,0.954,0.957,0.954,0.967,0.95,0.968,0.967,22,21,30,17,0.009
Vulgar Militia Gauntlets,2.1,0.983,0.981,0.979,0.984,0.979,0.979,0.977,0.979,20,9,14,14,0.001
Elden Lord Bracers,3.1,0.971,0.972,0.973,0.969,0.979,0.972,0.983,0.981,11,18,6,7,0.003
Radahn's Gauntlets,5.8,0.953,0.954,0.963,0.956,0.967,0.965,0.969,0.967,20,33,14,13,0.006
Queen's Bracelets,1.7,0.985,0.987,0.987,0.99,0.966,0.969,0.968,0.967,14,8,24,28,0
Sanguine Noble Bracelets,2.1,0.983,0.984,0.984,0.987,0.968,0.969,0.968,0.964,17,8,28,25,0.001
Godskin Apostle Bracelets,1.7,0.987,0.985,0.979,0.987,0.968,0.971,0.969,0.966,14,8,24,25,0.001
Depraved Perfumer Gloves,2,0.985,0.986,0.985,0.988,0.968,0.969,0.969,0.969,23,8,20,28,0.001
Crucible Gauntlets,5.2,0.956,0.958,0.966,0.958,0.968,0.968,0.972,0.967,17,24,12,12,0.006
Lusat's Manchettes,1.1,0.987,0.987,0.999,0.999,0.966,0.972,0.969,0.969,12,6,20,22,0
Azur's Manchettes,1.1,0.99,0.994,0.999,0.994,0.966,0.972,0.971,0.968,12,8,22,20,0
All-Knowing Gauntlets,3.5,0.968,0.967,0.971,0.971,0.969,0.977,0.975,0.979,9,15,7,7,0.004
Twinned Gauntlets,3.9,0.967,0.964,0.969,0.971,0.972,0.972,0.979,0.975,11,18,7,18,0.004
Ragged Gloves,2.9,0.977,0.977,0.975,0.977,0.973,0.972,0.971,0.973,21,14,18,18,0.002
Astrologer Gloves,1.4,0.987,0.99,0.99,0.99,0.968,0.969,0.968,0.969,14,7,24,21,0.001
Lionel's Gauntlets,7.1,0.956,0.951,0.959,0.95,0.967,0.963,0.968,0.967,21,33,14,17,0.008
Hoslow's Gauntlets,3.9,0.965,0.967,0.971,0.969,0.973,0.971,0.975,0.975,13,20,8,8,0.004
Vagabond Knight Gauntlets,3.5,0.967,0.969,0.972,0.971,0.975,0.973,0.979,0.979,12,19,8,8,0.003
Warrior Gauntlets,2.6,0.977,0.981,0.977,0.981,0.975,0.973,0.971,0.977,21,14,17,17,0.001
War Surgeon Gloves,2.3,0.984,0.98,0.982,0.984,0.978,0.976,0.974,0.976,18,13,15,17,0.001
Royal Remains Gauntlets,3.5,0.971,0.968,0.972,0.971,0.977,0.975,0.981,0.979,12,19,8,4,0.003
Beast Champion Gauntlets,5.8,0.956,0.953,0.959,0.954,0.968,0.966,0.968,0.967,19,30,14,13,0.006
Champion Bracers,2.1,0.984,0.983,0.979,0.981,0.981,0.977,0.975,0.977,17,11,14,13,0.001
Noble's Gloves,2.1,0.985,0.985,0.984,0.984,0.967,0.967,0.968,0.967,15,8,25,28,0.001
Maliketh's Gauntlets,4.3,0.967,0.965,0.971,0.967,0.973,0.972,0.977,0.968,12,19,8,17,0.004
Malenia's Gauntlet,3.1,0.969,0.968,0.977,0.972,0.981,0.977,0.984,0.973,17,14,6,6,0.003
Veteran's Gauntlets,6.3,0.953,0.953,0.957,0.956,0.967,0.965,0.968,0.967,21,30,15,15,0.008
Bloodhound Knight Gauntlets,3.5,0.969,0.965,0.972,0.967,0.977,0.975,0.983,0.975,11,17,8,8,0.003
Sorcerer Manchettes,1.1,0.99,0.987,0.987,0.999,0.968,0.969,0.971,0.969,13,4,21,20,0
Raging Wolf Gauntlets,3.4,0.968,0.968,0.972,0.969,0.976,0.973,0.984,0.978,11,19,6,6,0.003
Land of Reeds Gauntlets,2.8,0.979,0.971,0.977,0.977,0.975,0.972,0.971,0.973,20,17,17,18,0.001
White Reed Gauntlets,2.8,0.977,0.972,0.975,0.979,0.973,0.973,0.971,0.975,22,14,18,17,0.002
Confessor Gloves,2.8,0.979,0.979,0.973,0.977,0.972,0.972,0.969,0.975,21,17,17,18,0.001
Traveling Maiden Gloves,1.6,0.987,0.985,0.985,0.99,0.967,0.968,0.968,0.967,15,8,25,28,0.001
Preceptor's Gloves,2.1,0.985,0.985,0.984,0.985,0.964,0.967,0.968,0.968,17,8,28,25,0.001
Bandit Manchettes,1.7,0.985,0.983,0.984,0.983,0.981,0.981,0.979,0.983,15,8,17,17,0
Eccentric's Manchettes,2.9,0.971,0.972,0.979,0.971,0.979,0.977,0.985,0.981,8,18,6,4,0.003
Fingerprint Gauntlets,3.5,0.967,0.971,0.971,0.971,0.977,0.969,0.984,0.977,11,20,4,8,0.004
Bloodsoaked Manchettes,1.4,0.987,0.99,0.985,0.994,0.969,0.969,0.969,0.969,14,9,24,22,0
Omen Gauntlets,7.7,0.954,0.953,0.963,0.953,0.968,0.964,0.963,0.966,22,21,19,25,0.009
Carian Knight Gauntlets,3.5,0.971,0.969,0.973,0.971,0.969,0.971,0.977,0.971,9,15,7,8,0.003
Errant Sorcerer Manchettes,1.1,0.994,0.987,0.994,0.994,0.968,0.969,0.971,0.968,11,7,21,22,0
Battlemage Manchettes,1.1,0.99,0.994,0.987,0.99,0.968,0.972,0.971,0.969,13,7,20,22,0
Traveler's Manchettes,1.7,0.984,0.987,0.985,0.99,0.967,0.968,0.968,0.969,13,8,25,25,0.001
Gold Bracelets,0.8,0.99,0.994,0.994,0.999,0.971,0.972,0.971,0.968,13,4,20,20,0
Zamor Bracelets,2.8,0.972,0.971,0.979,0.975,0.981,0.981,0.987,0.983,6,20,0,4,0.003
Chain Gauntlets,2.9,0.971,0.968,0.979,0.971,0.983,0.973,0.985,0.981,8,14,4,6,0.003
Mushroom Arms,1.7,0.985,0.994,0.983,0.987,0.967,0.987,0.968,0.968,34,8,30,25,0
Leather Gloves,2.4,0.981,0.981,0.977,0.979,0.977,0.977,0.975,0.975,20,12,14,17,0.001
Knight Gauntlets,3.5,0.969,0.967,0.971,0.967,0.973,0.973,0.977,0.979,9,17,6,6,0.004
Godrick Soldier Gauntlets,3.5,0.968,0.968,0.972,0.969,0.975,0.973,0.981,0.977,11,18,8,8,0.004
Raya Lucarian Gauntlets,3.5,0.968,0.967,0.973,0.968,0.973,0.973,0.983,0.979,11,18,8,8,0.004
Leyndell Soldier Gauntlets,3.5,0.968,0.969,0.971,0.968,0.977,0.975,0.979,0.977,11,18,8,8,0.004
Radahn Soldier Gauntlets,3.5,0.967,0.969,0.973,0.971,0.975,0.972,0.981,0.977,11,17,8,8,0.004
Mausoleum Gauntlets,3.5,0.968,0.967,0.973,0.969,0.975,0.975,0.979,0.975,11,17,8,7,0.004
Haligtree Gauntlets,3.5,0.968,0.969,0.971,0.968,0.977,0.975,0.981,0.975,11,18,8,8,0.003
Gelmir Knight Gauntlets,3.9,0.967,0.965,0.972,0.967,0.973,0.969,0.975,0.973,12,18,8,8,0.004
Godrick Knight Gauntlets,3.9,0.967,0.965,0.971,0.968,0.973,0.971,0.977,0.973,12,19,8,8,0.004
Cuckoo Knight Gauntlets,3.9,0.967,0.964,0.972,0.967,0.969,0.971,0.979,0.975,11,19,8,8,0.004
Leyndell Knight Gauntlets,3.9,0.967,0.967,0.969,0.967,0.975,0.972,0.975,0.973,12,19,8,8,0.004
Redmane Knight Gauntlets,3.9,0.965,0.967,0.972,0.969,0.973,0.969,0.977,0.973,12,18,8,8,0.004
Mausoleum Knight Gauntlets,3.9,0.967,0.964,0.972,0.968,0.973,0.972,0.975,0.972,12,18,8,8,0.004
Haligtree Knight Gauntlets,3.9,0.967,0.967,0.969,0.967,0.975,0.972,0.977,0.972,12,19,8,8,0.004
Foot Soldier Gauntlets,2.6,0.979,0.979,0.977,0.979,0.975,0.973,0.972,0.975,20,13,17,17,0.001
Omenkiller Long Gloves,2.4,0.979,0.983,0.981,0.983,0.979,0.977,0.972,0.975,22,9,15,15,0.001
Highwayman Gauntlets,2.6,0.981,0.981,0.975,0.979,0.973,0.973,0.972,0.975,19,12,17,17,0.001
Legs,0,1,1,1,1,1,1,1,1,0,0,0,0,0
Leather Trousers,5.5,0.935,0.932,0.946,0.932,0.95,0.946,0.966,0.955,16,29,11,7,0.008
Kaiden Trousers,5.1,0.935,0.935,0.955,0.935,0.96,0.955,0.962,0.96,15,26,7,7,0.007
Drake Knight Greaves,5.7,0.935,0.932,0.946,0.935,0.942,0.935,0.95,0.942,16,29,13,13,0.008
Scaled Greaves,9.9,0.908,0.904,0.92,0.908,0.923,0.919,0.926,0.923,35,51,24,24,0.016
Perfumer Sarong,2.5,0.977,0.97,0.966,0.977,0.927,0.932,0.929,0.927,37,11,39,41,0.001
Traveler's Slops,2.5,0.97,0.977,0.97,0.985,0.927,0.927,0.929,0.927,34,13,41,39,0.001
Alberich's Trousers,2.5,0.97,0.97,0.977,0.97,0.927,0.932,0.928,0.927,26,14,41,44,0.001
Spellblade's Trousers,2.6,0.971,0.971,0.978,0.971,0.927,0.933,0.93,0.927,25,13,38,41,0.001
Bull-Goat Greaves,16.4,0.881,0.894,0.882,0.894,0.924,0.923,0.915,0.927,44,51,29,34,0.028
Ronin's Greaves,5.7,0.938,0.935,0.938,0.938,0.932,0.929,0.927,0.932,46,35,36,38,0.005
Cloth Trousers,2,0.97,0.985,0.977,0.977,0.927,0.929,0.932,0.929,26,14,37,37,0.001
Blaidd's Greaves,8.5,0.916,0.916,0.927,0.912,0.935,0.927,0.938,0.932,24,39,16,16,0.014
Black Knife Greaves,5.7,0.935,0.929,0.938,0.929,0.95,0.946,0.962,0.935,17,29,14,14,0.008
Exile Greaves,5.7,0.929,0.926,0.946,0.929,0.955,0.938,0.962,0.946,17,34,13,11,0.008
Banished Knight Greaves,10.8,0.892,0.889,0.914,0.899,0.923,0.923,0.926,0.924,37,51,24,26,0.017
Briar Greaves,7.3,0.926,0.923,0.935,0.929,0.938,0.929,0.95,0.938,22,44,15,15,0.009
Page Trousers,2.5,0.966,0.977,0.97,0.977,0.928,0.929,0.927,0.927,24,13,44,44,0.001
Night's Cavalry Greaves,7.9,0.92,0.92,0.927,0.923,0.938,0.928,0.938,0.928,24,35,15,15,0.012
Blue Silver Mail Skirt,5.5,0.932,0.929,0.95,0.938,0.942,0.946,0.96,0.96,15,35,7,7,0.007
Nomadic Merchant's Trousers,4.4,0.955,0.96,0.95,0.962,0.946,0.946,0.946,0.95,35,20,44,29,0.002
Malformed Dragon Greaves,9.9,0.904,0.899,0.914,0.904,0.926,0.926,0.921,0.926,35,47,24,24,0.016
Tree Sentinel Greaves,11.7,0.892,0.892,0.914,0.899,0.926,0.901,0.928,0.919,41,56,26,29,0.017
Royal Knight Greaves,9.6,0.908,0.899,0.917,0.904,0.919,0.924,0.929,0.926,31,41,22,22,0.014
Nox Monk Greaves,5.1,0.946,0.946,0.942,0.95,0.929,0.932,0.932,0.942,39,26,31,31,0.004
Fur Leggings,3.1,0.966,0.966,0.962,0.966,0.962,0.96,0.95,0.96,39,26,34,24,0.001
Shaman Leggings,3.1,0.97,0.97,0.966,0.955,0.955,0.96,0.955,0.962,39,26,34,22,0.001
Duelist Greaves,7.3,0.92,0.92,0.929,0.926,0.942,0.932,0.946,0.938,29,31,15,15,0.011
Sanguine Noble Waistcloth,2.5,0.97,0.977,0.977,0.977,0.926,0.935,0.927,0.924,29,11,44,41,0.001
Guardian Greaves,5.5,0.938,0.942,0.942,0.946,0.932,0.935,0.932,0.932,47,31,37,35,0.003
Cleanrot Greaves,9.3,0.916,0.908,0.924,0.899,0.928,0.927,0.935,0.923,39,41,17,20,0.013
Fire Monk Greaves,7.3,0.92,0.923,0.929,0.929,0.938,0.924,0.946,0.946,20,34,15,15,0.01
Blackflame Monk Greaves,7.3,0.923,0.916,0.935,0.926,0.942,0.926,0.955,0.942,20,34,13,20,0.011
Fire Prelate Greaves,15.3,0.889,0.894,0.902,0.894,0.923,0.885,0.926,0.924,41,39,56,31,0.024
Aristocrat Boots,2.9,0.957,0.957,0.952,0.957,0.964,0.962,0.957,0.964,29,21,23,19,0.001
Old Aristocrat Shoes,2,0.966,0.97,0.966,0.966,0.955,0.95,0.955,0.966,22,15,17,20,0.001
Vulgar Militia Greaves,5.1,0.946,0.942,0.938,0.95,0.938,0.938,0.935,0.938,44,24,34,34,0.004
Sage Trousers,2.5,0.966,0.97,0.97,0.985,0.924,0.929,0.927,0.924,22,13,39,41,0.001
Elden Lord Greaves,5.5,0.935,0.938,0.942,0.932,0.955,0.938,0.962,0.96,16,31,7,11,0.007
Radahn's Greaves,10.8,0.892,0.894,0.914,0.899,0.923,0.919,0.928,0.923,37,61,26,24,0.017
Queen's Leggings,2,0.977,0.985,0.985,0.997,0.924,0.932,0.929,0.927,22,14,37,41,0.001
Sanguine Noble Trousers,2.5,0.966,0.97,0.97,0.985,0.928,0.932,0.929,0.921,26,13,41,39,0.001
Godskin Apostle Trousers,2.5,0.977,0.97,0.955,0.977,0.928,0.935,0.932,0.923,24,14,39,41,0.001
Depraved Perfumer Trousers,4.3,0.961,0.963,0.961,0.967,0.922,0.925,0.927,0.925,46,15,40,58,0.002
Crucible Greaves,9.6,0.899,0.904,0.92,0.904,0.926,0.927,0.935,0.923,31,44,22,22,0.016
Old Sorcerer's Legwraps,2.5,0.966,0.966,0.985,0.985,0.919,0.932,0.928,0.927,24,13,39,44,0.001
All-Knowing Greaves,6.6,0.926,0.923,0.932,0.932,0.929,0.946,0.942,0.95,17,29,13,13,0.01
Twinned Greaves,7.3,0.923,0.916,0.929,0.932,0.935,0.935,0.95,0.942,20,34,13,34,0.01
Ragged Loincloth,3.1,0.96,0.96,0.955,0.96,0.95,0.946,0.942,0.95,34,20,26,26,0.002
Prophet Trousers,3.1,0.97,0.966,0.966,0.97,0.924,0.927,0.928,0.924,26,14,47,51,0.001
Astrologer Trousers,3.9,0.962,0.966,0.966,0.966,0.923,0.926,0.924,0.926,31,15,56,47,0.003
Lionel's Greaves,13.1,0.899,0.889,0.906,0.886,0.923,0.915,0.926,0.923,39,61,26,31,0.022
Hoslow's Greaves,7.3,0.92,0.923,0.932,0.929,0.938,0.932,0.942,0.942,24,37,15,15,0.01
Vagabond Knight Greaves,5.7,0.926,0.932,0.942,0.935,0.95,0.942,0.955,0.955,20,34,13,13,0.008
Warrior Greaves,4.8,0.946,0.955,0.946,0.955,0.942,0.938,0.932,0.946,39,26,31,31,0.004
War Surgeon Trousers,4.2,0.961,0.951,0.956,0.961,0.947,0.943,0.939,0.943,33,23,28,31,0.003
Royal Remains Greaves,6.6,0.932,0.926,0.935,0.932,0.946,0.942,0.955,0.95,22,35,15,7,0.009
Beast Champion Greaves,10.8,0.899,0.892,0.906,0.894,0.926,0.921,0.927,0.923,35,56,26,24,0.017
Champion Gaiters,3.9,0.962,0.96,0.95,0.955,0.955,0.946,0.942,0.946,31,20,26,24,0.003
Noble's Trousers,3.9,0.966,0.966,0.962,0.962,0.924,0.923,0.926,0.924,29,15,47,51,0.001
Maliketh's Greaves,7.9,0.923,0.92,0.932,0.923,0.938,0.935,0.946,0.927,22,35,15,31,0.011
Malenia's Greaves,5.7,0.929,0.926,0.946,0.935,0.955,0.946,0.962,0.938,31,26,11,11,0.008
Veteran's Greaves,11.7,0.892,0.892,0.902,0.899,0.923,0.919,0.927,0.924,39,56,29,29,0.022
Bloodhound Knight Greaves,6.6,0.929,0.92,0.935,0.923,0.946,0.942,0.96,0.942,20,31,14,14,0.008
Commoner's Shoes,2,0.985,0.97,0.97,0.977,0.929,0.935,0.932,0.929,22,14,39,41,0.001
Sorcerer Leggings,2,0.977,0.97,0.97,0.997,0.927,0.929,0.932,0.928,24,7,39,37,0.001
Raging Wolf Greaves,6.3,0.925,0.925,0.934,0.928,0.944,0.937,0.962,0.948,19,34,11,11,0.009
Land of Reeds Greaves,5.1,0.95,0.932,0.946,0.946,0.942,0.935,0.932,0.938,37,31,31,34,0.004
White Reed Greaves,5.1,0.946,0.935,0.942,0.95,0.938,0.938,0.932,0.942,41,26,34,31,0.004
Confessor Boots,4.8,0.955,0.955,0.942,0.95,0.938,0.938,0.932,0.946,37,29,29,31,0.003
Prisoner Trousers,2,0.977,0.97,0.97,0.977,0.932,0.935,0.935,0.928,26,14,39,39,0.001
Traveling Maiden Boots,2.9,0.969,0.965,0.965,0.976,0.923,0.926,0.925,0.923,29,15,47,51,0.001
Finger Maiden Shoes,2.5,0.97,0.977,0.977,0.985,0.924,0.928,0.927,0.924,24,13,39,39,0.001
Preceptor's Trousers,3.9,0.966,0.966,0.962,0.966,0.917,0.924,0.927,0.927,31,15,51,47,0.002
Bandit Boots,4.4,0.96,0.95,0.955,0.95,0.946,0.946,0.942,0.95,34,20,35,35,0.002
Eccentric's Breeches,5.1,0.935,0.938,0.955,0.935,0.955,0.95,0.97,0.96,15,31,7,7,0.006
Fingerprint Greaves,6.6,0.923,0.932,0.932,0.932,0.946,0.928,0.962,0.946,20,37,7,14,0.011
Consort's Trousers,2.5,0.97,0.977,0.977,0.97,0.926,0.929,0.929,0.927,29,15,41,39,0.001
Omen Greaves,14.3,0.894,0.892,0.914,0.892,0.926,0.917,0.915,0.921,41,39,35,47,0.024
Carian Knight Greaves,6.6,0.932,0.929,0.938,0.932,0.929,0.932,0.946,0.932,17,29,13,14,0.007
Errant Sorcerer Boots,3.1,0.97,0.962,0.97,0.97,0.924,0.927,0.928,0.924,24,15,47,51,0.001
Battlemage Legwraps,2.5,0.97,0.977,0.966,0.97,0.926,0.932,0.929,0.928,26,14,39,44,0.001
Snow Witch Skirt,3.1,0.97,0.966,0.966,0.977,0.926,0.926,0.927,0.926,24,20,44,44,0.001
Traveler's Boots,3.1,0.962,0.97,0.966,0.977,0.923,0.927,0.926,0.928,24,15,47,47,0.001
Gold Waistwrap,4.4,0.96,0.962,0.962,0.97,0.924,0.926,0.924,0.919,35,15,56,56,0.003
Zamor Legwraps,5.1,0.935,0.932,0.95,0.942,0.955,0.955,0.97,0.96,11,37,0,7,0.007
Chain Leggings,5.5,0.932,0.926,0.95,0.932,0.96,0.938,0.966,0.955,16,26,7,11,0.007
Mushroom Legs,3.1,0.966,0.985,0.96,0.97,0.924,0.97,0.927,0.926,63,15,56,47,0.001
Leather Boots,4.4,0.955,0.955,0.946,0.95,0.946,0.946,0.942,0.942,37,22,26,31,0.001
Knight Greaves,6.6,0.929,0.923,0.932,0.923,0.938,0.938,0.946,0.95,17,31,11,11,0.011
Godrick Soldier Greaves,6.6,0.926,0.926,0.935,0.929,0.942,0.938,0.955,0.946,20,34,14,14,0.01
Raya Lucarian Greaves,6.6,0.926,0.923,0.938,0.926,0.938,0.938,0.96,0.95,20,34,14,14,0.01
Leyndell Soldier Greaves,6.6,0.926,0.929,0.932,0.926,0.946,0.942,0.95,0.946,20,34,14,14,0.01
Radahn Soldier Greaves,6.6,0.923,0.929,0.938,0.932,0.942,0.935,0.955,0.946,20,31,14,15,0.01
Mausoleum Greaves,6.6,0.926,0.923,0.938,0.929,0.942,0.942,0.95,0.942,20,31,14,13,0.011
Haligtree Greaves,6.6,0.926,0.929,0.932,0.926,0.946,0.942,0.955,0.942,20,34,14,15,0.009
Gelmir Knight Greaves,7.3,0.923,0.92,0.935,0.923,0.938,0.929,0.942,0.938,22,34,15,14,0.011
Godrick Knight Greaves,7.3,0.923,0.92,0.932,0.926,0.938,0.932,0.946,0.938,22,35,15,15,0.011
Cuckoo Knight Greaves,7.3,0.923,0.916,0.935,0.923,0.929,0.932,0.95,0.942,20,35,15,15,0.011
Leyndell Knight Greaves,7.3,0.923,0.923,0.929,0.923,0.942,0.935,0.942,0.938,22,35,15,15,0.011
Redmane Knight Greaves,7.3,0.923,0.923,0.935,0.929,0.938,0.927,0.946,0.938,22,34,15,15,0.011
Mausoleum Knight Greaves,7.3,0.923,0.916,0.935,0.926,0.938,0.935,0.942,0.935,22,34,15,14,0.012
Haligtree Knight Greaves,7.3,0.923,0.923,0.929,0.923,0.942,0.935,0.946,0.935,22,35,15,15,0.01
Foot Soldier Greaves,5.1,0.946,0.946,0.942,0.946,0.938,0.935,0.932,0.938,39,26,34,34,0.004
Omenkiller Boots,4.4,0.95,0.96,0.955,0.96,0.95,0.946,0.935,0.942,41,17,29,29,0.004
Rotten Duelist Greaves,7.3,0.926,0.923,0.938,0.929,0.938,0.935,0.942,0.938,35,35,15,15,0.01